0.975082637094549
-0.122473051125233
-0.184970815494813
0
0.183296006515366
0.91446739953899
0.360765781603405
0
0.124965694621599
-0.385680861501414
0.914130104656481
0
-0.0872194990515709
-0.216638967394829
0.6272252202034
1
0.998175240074163
0.0596112988592653
-0.00962720889968735
0
-0.0473685665011298
0.871889853021341
0.487405686370248
0
0.0374487517884763
-0.486060260921149
0.873122565132038
0
-0.247717067599297
-0.239680662751198
0.619873642921448
1
0.968864530331349
0.0497400752892709
-0.24254370075521
0
0.0516321912286887
0.917485168649433
0.394404718705602
0
0.242147968595112
-0.394647805287878
0.886350647930446
0
-0.0651772022247314
-0.148750230669975
0.602751731872559
1
0.988568595884806
0.121486606160538
0.0892924171133082
0
-0.148606180395991
0.885129592535958
0.440978239333013
0
-0.0254624110888359
-0.449206643918725
0.893064978980152
0
-0.377622038125992
-0.200870886445046
0.65733551979065
1
0.991793171269313
0.0171805884501097
-0.126693065335349
0
0.0494682250649372
0.862185288077463
0.504172017997534
0
0.117894868982852
-0.5063016456652
0.854259587867896
0
-0.148170799016953
-0.273561656475067
0.683796167373657
1
0.999854744349367
0.00788891270995468
-0.0151081189536063
0
0.00173662595335501
0.8346618323326
0.550760029211893
0
0.0169550680435006
-0.550706265356988
0.83452689289453
0
-0.245817735791206
-0.240690276026726
0.562547862529755
1
0.999115052298226
0.0403361428435177
-0.0119208997822929
0
-0.0280870234130305
0.850792163519459
0.524751192099335
0
0.0313086471587006
-0.523951992146594
0.851172179138103
0
-0.192054867744446
-0.211163938045502
0.664161026477814
1
0.980932261367793
0.17068942322273
-0.0929355658925057
0
-0.0952171877290809
0.838943333188019
0.535824384346533
0
0.169427228534358
-0.516758361808755
0.839199147837924
0
-0.208102911710739
-0.312128603458405
0.711608171463013
1
0.965438760325904
0.134350508734786
-0.223333698449397
0
0.00604138134815432
0.845133269901166
0.534521522314649
0
0.260559977302325
-0.517397039911196
0.815112753745973
0
-0.123850628733635
-0.298880368471146
0.575788378715515
1
0.994198710733169
0.0572386422451827
-0.09106405114222
0
-0.00553918702105207
0.872766673949866
0.488106187473212
0
0.107416204474235
-0.484770121476578
0.86802055755606
0
-0.177560091018677
-0.346719741821289
0.599681556224823
1
0.970614035853487
0.0639161364716214
-0.231998105386113
0
0.0695917578725674
0.848332659388138
0.524870161327214
0
0.230359242576483
-0.525591501561803
0.818955549981559
0
-0.135784789919853
-0.24842318892479
0.613351047039032
1
0.986724152927092
-0.051140382035469
-0.154143139177778
0
0.103210516749738
0.930274166735447
0.352047672818499
0
0.125391527873958
-0.363283134799753
0.92320221441865
0
-0.172398313879967
-0.0697785615921021
0.756266355514526
1
0.993086681308223
-0.116749703034195
0.012179911725751
0
0.104992523138913
0.929864100104338
0.352603637845774
0
-0.0524920326634865
-0.34888717686177
0.935693499137554
0
-0.312628567218781
-0.0835288912057877
0.578306496143341
1
0.978028282038865
-0.148624276235897
-0.146189958770981
0
0.19814924711357
0.880661806122882
0.430315766739621
0
0.0647885437437102
-0.449828420344623
0.89076194173855
0
-0.204440325498581
-0.101561777293682
0.604213297367096
1
0.987019169035521
0.0565920850447052
-0.150301350182633
0
0.0262110424813007
0.866549211325318
0.498402894858681
0
0.158449175474261
-0.495872766202947
0.853817344945489
0
-0.153359413146973
-0.317565321922302
0.557769358158112
1
0.986983226462518
-0.156916554921634
0.0352321653203826
0
0.110673757025631
0.82166210737767
0.559126730541044
0
-0.116685175525721
-0.547949428406684
0.828333262474302
0
-0.301411479711533
-0.250349640846252
0.519866824150085
1
0.981950125370463
-0.0521808473001936
-0.181799643728932
0
0.109653321481125
0.940231373030036
0.322398998537853
0
0.154110675727186
-0.336514671812519
0.928982117848251
0
-0.151241213083267
-0.179987624287605
0.741306781768799
1
0.989517266628709
0.100881943866993
-0.103336404259411
0
-0.0624304400084668
0.944056990828496
0.323819144320088
0
0.130222959588534
-0.313973297382854
0.940458797250864
0
-0.247150182723999
-0.0745699778199196
0.701700448989868
1
0.988611795176085
0.12444299244047
-0.084620683471478
0
-0.0970942967809538
0.957067069569492
0.273121441630417
0
0.114975719051159
-0.26179489295654
0.958250498591335
0
-0.101894073188305
-0.0183367673307657
0.637158274650574
1
0.982642813559917
-0.0661475430510078
-0.173313598737566
0
0.125568566042548
0.924871181107527
0.358951018355967
0
0.136549024826504
-0.374483378676655
0.917124071712136
0
-0.196733757853508
-0.20379726588726
0.720748841762543
1
0.998651320269832
-0.0296061819716477
0.0426499063584444
0
0.0143136852814232
0.946641183507192
0.321971408826571
0
-0.049906501951016
-0.320926695176896
0.94578824130238
0
-0.365278661251068
-0.0630376189947128
0.599472224712372
1
0.9889874845886
0.115532809949733
0.0924982440494583
0
-0.147581843148046
0.816759932256508
0.557783840419718
0
-0.0111065251154377
-0.565292298625643
0.824815895951574
0
-0.343517810106277
-0.263069361448288
0.483130723237991
1
0.977460609866621
0.0949686132947053
-0.188551633904496
0
-0.0334657345722268
0.95151797809281
0.30576720225641
0
0.208448556648195
-0.292565377061353
0.933249537570864
0
-0.0944646149873734
-0.0377798676490784
0.649103105068207
1
0.987901322603883
0.138612786301893
-0.0695519393771706
0
-0.111726750841269
0.947157212068544
0.300683136828451
0
0.107555148384226
-0.289274456356191
0.951184618754886
0
-0.182063087821007
-0.090185470879078
0.621698319911957
1
0.955964127279062
-0.198312698061845
-0.216343849330211
0
0.250149009075397
0.936103702332669
0.247255600012755
0
0.153486353185482
-0.290485683410563
0.944489283750387
0
-0.20093908905983
0.0488747358322143
0.799637794494629
1
0.999076974629849
-0.0313209520860786
0.0293972230812584
0
0.0213402280828088
0.955835146542035
0.293127561481926
0
-0.037279933340088
-0.292229653860433
0.955621282713382
0
-0.213441804051399
-0.034034613519907
0.69527542591095
1
0.992452133172556
0.0545201225546743
-0.109846800580926
0
-0.00453796967776643
0.911452583608768
0.411380109708899
0
0.122548644188527
-0.407776585975121
0.904820471551141
0
-0.131297618150711
-0.286267101764679
0.676570117473602
1
0.99976889947386
-0.00675863612588843
-0.0204075594460667
0
0.015768965547386
0.875761567807986
0.482486285894287
0
0.0146112070135312
-0.482696589161572
0.875665755549109
0
-0.232572078704834
-0.164421141147614
0.545787692070007
1
0.993423893821987
-0.0884625544703945
0.0726866125234396
0
0.0473778200029259
0.895560429639761
0.442410283600209
0
-0.104231997751797
-0.436057213356251
0.893862292148321
0
-0.259941041469574
-0.11309091001749
0.591443836688995
1
0.961919153203281
-0.087559750822194
-0.258930169614584
0
0.209202870288341
0.845513431246832
0.491264894577588
0
0.175913904407246
-0.526726046078191
0.831633315000688
0
-0.0337518230080604
-0.170396089553833
0.61183100938797
1
