0.15212533389156
0.386882331009365
-0.90949390649164
0
0.985698522401438
-0.126882441773586
0.110897402283911
0
-0.0724950131270101
-0.913357472652662
-0.400651112173029
0
0.647603467350373
-0.00452597441846049
0.725576545171774
1
-0.0284887646278249
0.500668186016653
-0.865171874754801
0
0.99405309312551
0.105205654105588
0.028151261470794
0
0.105116380281793
-0.859223726968469
-0.500688475307534
0
0.56272684642077
-0.105506977169947
0.727465007440025
1
0.208060380548014
0.424218952277046
-0.881333619695812
0
0.973175777141181
0.000663856953776132
0.230061300266003
0
0.0981813396874181
-0.905559261243233
-0.412701436187001
0
0.598746381189199
-0.0904101593868201
0.657030987355379
1
-0.116997272281419
0.445764305357555
-0.887476368912019
0
0.978421777439073
0.204987512346706
-0.0260188956858024
0
0.170326001365412
-0.871366938533268
-0.460130199661532
0
0.493295430887186
-0.165128104492029
0.764535273881957
1
0.0849373057544106
0.526045406927306
-0.846206809613778
0
0.994699857621161
0.0046510778543547
0.102737526990587
0
0.0579821354771094
-0.850446374590653
-0.522863105481581
0
0.590843369538764
-0.107606993937306
0.785265245642193
1
-0.0282324904928883
0.561306154763528
-0.827125982600874
0
0.998419688444029
0.0560500772397977
0.0039566754261719
0
0.0485810271217862
-0.825707533075533
-0.562001362737286
0
0.57628852496115
-0.112517516087947
0.677115748496513
1
-0.0306692540389122
0.538985874683442
-0.841763010190627
0
0.996128564167224
0.0859446175700104
0.0187473920364414
0
0.0824537572437152
-0.837924703031094
-0.539537312123164
0
0.629578086272862
-0.173478550865277
0.744219679539856
1
0.0531724696806471
0.558165668510511
-0.828020853773075
0
0.976481897431717
0.144427869247031
0.160059235876857
0
0.208927144658207
-0.817059937518383
-0.53735835106927
0
0.50110223441982
-0.152475991998742
0.80537172434624
1
0.181119060263461
0.563280839335004
-0.80617197586852
0
0.968302158996875
0.0412378024878267
0.246360511638581
0
0.172015951352458
-0.825237704453018
-0.537957491953585
0
0.522727164649688
-0.0654540305656906
0.678360477816455
1
0.0527604299964287
0.500718540521944
-0.863996076295091
0
0.993543162943733
0.0606734624001419
0.0958265167461421
0
0.100400498223376
-0.863476508725923
-0.494282655499276
0
0.568535048094015
0.0113041631416781
0.757026146331544
1
0.190249630822855
0.55131782904773
-0.812318118546748
0
0.976445873280364
-0.0204609138781693
0.214810671297972
0
0.101811251337841
-0.834049650394889
-0.542225944470994
0
0.527050070401745
-0.112266069630842
0.685436779819613
1
0.119620116855075
0.377098731212473
-0.918419148066058
0
0.992821840458112
-0.0467497997038513
0.110120705703884
0
-0.00140631639653566
-0.924996391146094
-0.379985986096267
0
0.55387085467639
-0.183639147925995
0.776085507594151
1
-0.0396004691701086
0.362455931428436
-0.931161336708137
0
0.997411556428165
-0.0416672178000359
-0.0586342242396884
0
-0.0600493489663814
-0.931071148151949
-0.359869058394713
0
0.541519380282955
-0.0881752022945241
0.659475737886262
1
0.105612013330463
0.449954774449195
-0.886787710862868
0
0.989103197026282
-0.139547087689945
0.0469964106781477
0
-0.102599263249886
-0.88208531216352
-0.459791365257464
0
0.561295397458293
-0.133590994088226
0.647367896864338
1
0.10890830703107
0.517587894765343
-0.848678023543631
0
0.989166409494215
0.0281558783609086
0.14412092740372
0
0.0984958414445267
-0.855174718159843
-0.508916660435836
0
0.563162489217147
-0.000363916389084298
0.697439763527564
1
-0.0767920675759413
0.541637373238671
-0.837101947131742
0
0.990414115431633
-0.0552780666410406
-0.126616730213147
0
-0.114850310989637
-0.838797277253096
-0.532202537582131
0
0.596731723001794
-0.0410581152291987
0.687166171373893
1
0.153969920260218
0.350339095669166
-0.923874038053284
0
0.988068652186498
-0.0555566461435422
0.143590207242773
0
-0.00102893611424565
-0.934965414919384
-0.354709076351457
0
0.549962693554818
-0.0531057370928004
0.805448374953074
1
0.076250211195436
0.350729001593627
-0.933369762645788
0
0.985132610087073
0.118039263743948
0.124837218139256
0
0.153960017288085
-0.929010095709866
-0.336515084267686
0
0.502622157912078
-0.168922574707292
0.724996693791001
1
0.0577179250007573
0.299715235869688
-0.952279829597944
0
0.981547228210878
0.157140657296929
0.108947585782899
0
0.182294090038746
-0.940996979295872
-0.285114151178424
0
0.669331459196991
-0.140901927027522
0.671468953265165
1
0.142940967657653
0.38452621475088
-0.911981206574261
0
0.989590659475698
-0.0711200140856085
0.125120277143244
0
-0.0167468699683833
-0.920371852700478
-0.390690219976797
0
0.519872824324286
-0.0499880101612461
0.792020588409418
1
-0.0633053914019071
0.332481419783087
-0.940982421833789
0
0.997581883464649
0.0481721626279157
-0.0500926966733137
0
0.0286740036319325
-0.941878441188619
-0.33472680189571
0
0.495814938258196
-0.121855396740734
0.676841404216462
1
-0.0986773740741442
0.487520333680615
-0.867514338893946
0
0.982205350635256
0.18769522197933
-0.00624765971356506
0
0.15978064063626
-0.852695906121499
-0.497365303093457
0
0.480762367155547
-0.0548539352604611
0.659052359659149
1
0.159065962851266
0.337745775352857
-0.927700249906889
0
0.975933529314947
0.0881902843506563
0.199445047187352
0
0.149176770325938
-0.93709784532886
-0.315589859080484
0
0.603713966050849
-0.150595611189056
0.669523549931829
1
0.0445365806036244
0.325907340278151
-0.944357748634087
0
0.979785498902146
0.170312594138165
0.104991676639986
0
0.195057755532795
-0.929939396721864
-0.311736786046403
0
0.585749245471952
-0.105520990250762
0.670474512373186
1
0.187912616012173
0.276467831735788
-0.942468687416672
0
0.971090169316261
-0.196093654250679
0.13609047035807
0
-0.147192295324542
-0.940798741006958
-0.305320566600469
0
0.465957367495125
-0.201646586810351
0.783730918363907
1
-0.0573562407602264
0.31225973885878
-0.948260353763138
0
0.998002080121389
0.0430312691866552
-0.0461990121857199
0
0.0263759569404772
-0.949018627921182
-0.314101855424669
0
0.64990612316187
-0.15142300637056
0.747100584397462
1
0.0780625041545362
0.438532691505296
-0.895319070488289
0
0.99160263925018
0.0587266737000209
0.11522290072925
0
0.103108512407898
-0.896794953989766
-0.430266037705727
0
0.597908190812931
-0.0164528899942427
0.793420438250168
1
-0.020313525450997
0.497358982550169
-0.867301095686177
0
0.998995029410461
0.0446599581227158
0.00220388477501621
0
0.0398256112944197
-0.866389039849634
-0.497763960935893
0
0.589353586169556
-0.113000475171036
0.629437096950865
1
-0.111513733103096
0.452561433819557
-0.88473263537876
0
0.993037948218007
0.0167592213460517
-0.116592784684008
0
-0.0379383827281795
-0.891575231071718
-0.451279271605055
0
0.638612356998408
-0.140845062007894
0.673010403695248
1
0.210681883641191
0.521245193786849
-0.826992167931655
0
0.976202826125453
-0.15665327584307
0.149956637985077
0
-0.0513871592021545
-0.838905476776269
-0.54184489872769
0
0.653222365111382
-0.151667702348865
0.669858106340093
1
